$ANSIBLE_VAULT;1.1;AES256
65633464633330366430386435613535633666336537386462386564366234616133656433363433
3266366238636537396664363363643330643163313466380a623338313531373433353538613534
65353737353263393639323735326536623138356330623133623166376433653138653433356333
6363633762613335620a656232323238363434666134646633646263623339626263336630636333
61373833393865396663613564396338336163393239343661373764623736356238636535343033
64323039663761306530383338653139666537626232653933646665623164343039346331323937
37336336396639393435616462653835366536386436353637626337303938306366333636306435
34373038613761353837643333386663393466386238373139353530636639383730636261363737
30393464613639396661353434326138663764613361303232323765333761653862376364623066
37343736646539303163323937393138376133616131623334373536343162316433643738613031
363635643066323265373332646561646637
