$ANSIBLE_VAULT;1.1;AES256
62396138393966306663613535663061363164303735306564613736353531663634393966633031
3938323163343431336164316630643138363866633065360a653231653638396230653161623663
36313466633230666234643532343565316164363933336164633033643935626130613662393333
3565383334623838340a623135663430343230623065333134643839376665656132653236616136
37666139376339306137333035303465613731373262396636376230303163653566383530313138
30313833626633313530646462396534623339363764313631396431396637396462303735346665
33386336366339623732636161346238393431633038666264646539653839663734373639343530
32346161626137346135356633613965653065356562376365653031643138663364313736303634
37373762353131386538656366323433333631323535316331633766323235383833626634313332
30373938333564623066316130616638366365393538643333303831663161643739376264373236
34333334393662353263663733633261343031376631636635653131303735653666303332303631
30626331633335656261653532396639386365643837376438356239356337363232383438393733
32303764396232643738366632333038393935363065613734383438616463343637616137616165
63313037366437633166336134653336346365386431333430613565653134616134636436396162
32626464393038376230316430356336333231366664373836323466323635396461633963646130
62363564333933633032643564366666323432636536333962323837383835653362653338616435
34653635386238663535303064623336363962646139633035373330303664643863396139613135
39646531333566343532663335353632313736616432336263353239643239316631663334623461
30633035313237386362306533353132326663386231653439663263316131356361616536306639
37363962303932626134383237613037323533356165626231376638666561366338623964393439
31386335623061393830626336633963306462306536623132396331646433623636663638333665
61333163303561353731316532313438356362366432623833666565356562386666653364383365
34386339643336616434316630393831383564393466333038356539313931353038396666653039
65306634376133386133333130636263633164313833633832653836353064333935613563616265
34333533376237353638303236303962356334663733373561393138636130613663
