$ANSIBLE_VAULT;1.1;AES256
34303239363432313135356130383939393338666565633031333031336366666565376662316231
3965633061313266383466353434656138636536643930330a373937356132386162616665353831
65343235613463353064333461643262623165303033313463316165383638316261643364343233
3339623434356133340a333365313932393534366130326264643861316365323432373637386634
30643766646230366637626566316333386562313363356366373638336264613636653865326632
64656532636333613231613536616635346264626662376136323163356133383865663866656232
32383934363936383035633238613263323130323635373232366633353733373139303366373931
33343732343032626534383565373864633066643237643164363830653531393161656430303966
36663831633037393064323035373833356363366534343638386165383035353030663865396533
33316262386138306566383437613662336238646531653835333934613239396438333139303866
35373565633962396664646337633439353431306266663533396530663835383066656535313664
32646333613361343463616564626130636130333039663566333831386364373561336438386566
30373764386135366139373538663334313637323963656362656130613834356531343538323861
33623936656337303331636130616662343032633532666533333434303930343761393962333265
33366631653665396563653636643063353334393462373634353061353961346663643764643264
39313861393432626462323661623661643237396163626231366236333366303933666361366430
63363133306265393636646163333830613961633564656638643962336266666230303338383361
65663564663165653436303432313461326436643562373433303334323664623537313631373433
63633333306232326530366238393135383862636637306165373337346335663065326366646366
32376463313632643865393938636566323666663261656537636631346434313763323439656365
66636138633130363265316638316261376363633634343263643938633937623132636464643933
32303637393736313837373362386662363762373165313437346163666332613861666338373631
65386161623633326231333734323730623863623337383465613832356637643437653237313466
38313566356438633535653439623039343632343062313432306164383230313262366161326332
65323437623361663139366331663933636563376163353739336234666362323935353734666465
39653330303238653135363762353830636630333435346632396537333032376639383530633938
31643333393066656438623038643435646266336261623339626339333166386563623436373763
35393464396138333062
